19
43 BREW -3 -2 0 0 10 3 4 0 0
44 BREW 0 -4 0 0 9 1 4 0 0
73 BREW -1 -1 -1 -1 12 0 0 0 0
59 BREW -2 0 0 -3 14 0 0 0 0
72 BREW 0 -2 -2 -2 19 0 0 0 0
19 LEARN 0 2 -1 0 0 0 0 0 1
29 LEARN -5 0 0 2 0 1 0 0 1
41 LEARN 0 0 2 -1 0 2 0 0 1
36 LEARN 0 -3 3 0 0 3 0 0 1
2 LEARN 1 1 0 0 0 4 0 0 0
6 LEARN 2 1 -2 1 0 5 0 0 1
78 CAST 2 0 0 0 0 -1 -1 1 0
79 CAST -1 1 0 0 0 -1 -1 1 0
80 CAST 0 -1 1 0 0 -1 -1 1 0
81 CAST 0 0 -1 1 0 -1 -1 1 0
82 OPPONENT_CAST 2 0 0 0 0 -1 -1 1 0
83 OPPONENT_CAST -1 1 0 0 0 -1 -1 1 0
84 OPPONENT_CAST 0 -1 1 0 0 -1 -1 1 0
85 OPPONENT_CAST 0 0 -1 1 0 -1 -1 1 0
3 0 0 0 0
3 0 0 0 0
